0 
0 
0 
1
1
0 
0 
0 
0 
0 
0 
0 
0 
0 
0 
0 
0 
0 
0 
0 
0 
0 
0 
0 
0 
0 
0 
0 
0 
0 
0 
0 
0 
0 
0 
0 
0 
0 
0 
0 
0 
0 
0 
0 
0 
0 
0 
0 
0 
0 
0 
0 
0 
0 
0 
0 
0 
0 
0 
0 
0 
0 
0 
0 
0 
0 
0 
0 
0 
0 
0 
0 
0 
0 
0 
0 
0 
0 
0 
0 
0 
0 
0 
0 
0 
0 
0 
0 
0 
0 
0 
0 
0 
0 
0 
0 
0 
0 
0 
0 
0 
0 
0 
0 
0 
0 
0 
0 
0 
0 
0 
0 
0 
0 
0 
0 
0 
0 
0 
0 
0 
0 
0 
0 
0 
0 
0 
0 
0 
0 
0 
0 
0 
0 
0 
0 
0 
0 
0 
0 
0 
0 
0 
0 
0 
0 
0 
0 
0 
0 
0 
0 
0 
0 
0 
0 
0 
0 
0 
0 
0 
0 
0 
0 
0 
0 
0 
0 
0 
0 
0 
0 
0 
0 
0 
0 
0 
0 
0 
0 
0 
0 
0 
0 
0 
0 
0 
0 
0 
0 
0 
0 
0 
0 
0 
0 
0 
0 
0 
0 
0 
0 
0 
0 
0 
0 
0 
0 
0 
0 
0 
0 
0 
0 
0 
0 
0 
0 
0 
0 
0 
0 
0 
0 
0 
0 
0 
0 
0 
0 
0 
0 
0 
0 
0 
0 
0 
0 
0 
0 
0 
0 
0 
0 
0 
0 
0 
0 
0 
0 
0 
0 
0 
0 
0 
0 
0 
0 
0 
0 
0 
0 
0 
0 
0 
0 
0 
0 
0 
0 
0 
0 
0 
0 
0 
0 
0 
0 
0 
0 
0 
0 
0 
0 
0 
0 
0 
0 
0 
0 
0 
0 
0 
0 
0 
0 
0 
0 
0 
0 
0 
0 
0 
0 
0 
0 
0 
0 
0 
0 
0 
0 
0 
0 
0 
0 
0 
0 
0 
0 
0 
0 
0 
0 
0 
0 
0 
0 
0 
0 
0 
0 
0 
0 
0 
0 
0 
0 
0 
0 
0 
0 
0 
0 
0 
0 
0 
0 
0 
0 
0 
0 
0 
0 
0 
0 
0 
0 
0 
0 
0 
0 
0 
0 
0 
0 
0 
0 
0 
0 
0 
0 
0 
0 
0 
0 
0 
0 
0 
0 
0 
0 
0 
0 
0 
0 
0 
0 
0 
0 
0 
0 
0 
0 
0 
0 
0 
0 
0 
0 
0 
0 
0 
0 
0 
0 
0 
0 
0 
0 
0 
0 
0 
0 
0 
0 
0 
0 
0 
0 
0 
0 
0 
0 
0 
0 
0 
0 
0 
0 
0 
0 
0 
0 
0 
0 
0 
0 
0 
0 
0 
0 
0 
0 
0 
0 
0 
0 
0 
0 
0 
0 
0 
0 
0 
0 
0 
0 
0 
0 
0 
0 
0 
0 
0 
0 
0 
0 
0 
0 
0 
0 
0 
0 
0 
0 
0 
0 
0 
0 
0 
0 
0 
0 
0 
0 
0 
0 
0 
0 
0 
0 
0 
0 
0 
0 
0 
0 
0 
0 
0 
0 
0 
0 
0 
0 
0 
0 
0 
0 
0 
0 
0 
0 
9 
14 
11 
5 
15 
349 
757 
1141 
1478 
1794 
2074 
2308 
2539 
2721 
2898 
3051 
3181 
3296 
3396 
3471 
3527 
3590 
3635 
3650 
3672 
3692 
3690 
3689 
3667 
3647 
3625 
3579 
3555 
3511 
3466 
3412 
3372 
3309 
3258 
3207 
3142 
3081 
3033 
2964 
2910 
2846 
2775 
2710 
2652 
2591 
2522 
2458 
2387 
2326 
2285 
2215 
2159 
2101 
2046 
1984 
1923 
1881 
1826 
1767 
1716 
1664 
1614 
1560 
1506 
1468 
1431 
1372 
1346 
1294 
1261 
1205 
1183 
1144 
1110 
1060 
1038 
1003 
953 
934 
896 
870 
843 
804 
781 
763 
737 
708 
681 
664 
646 
623 
593 
570 
545 
539 
517 
497 
486 
466 
442 
440 
411 
400 
379 
370 
362 
336 
326 
324 
317 
296 
290 
267 
257 
262 
256 
250 
241 
228 
217 
203 
189 
194 
6 
3 
10 
2 
15 
333 
754 
1144 
1486 
1780 
2069 
2312 
2538 
2718 
2899 
3057 
3174 
3287 
3386 
3465 
3542 
3593 
3630 
3669 
3667 
3693 
3688 
3674 
3674 
3649 
3620 
3598 
3559 
3502 
3475 
3430 
3363 
3310 
3266 
3213 
3157 
3078 
3034 
2959 
2908 
2845 
2771 
2706 
2653 
2586 
2516 
2467 
2397 
2329 
2280 
2207 
2148 
2105 
2039 
1988 
1921 
1880 
1817 
1764 
1702 
1657 
1602 
1571 
1515 
1468 
1430 
1371 
1343 
1304 
1244 
1212 
1173 
1132 
1110 
1060 
1022 
985 
955 
929 
904 
875 
833 
806 
775 
758 
742 
699 
682 
662 
637 
611 
594 
573 
551 
538 
504 
506 
469 
458 
454 
423 
423 
410 
376 
365 
362 
339 
325 
311 
301 
291 
279 
267 
269 
257 
248 
239 
232 
232 
223 
198 
199 
197 
6 
0 
12 
8 
12 
333 
753 
1139 
1473 
1778 
2063 
2314 
2530 
2719 
2907 
3043 
3178 
3296 
3398 
3463 
3529 
3585 
3627 
3668 
3674 
3688 
3694 
3677 
3676 
3644 
3629 
3579 
3556 
3511 
3458 
3427 
3362 
3321 
3262 
3202 
3139 
3092 
3019 
2959 
2912 
2829 
2780 
2705 
2647 
2591 
2521 
2464 
2390 
2326 
2265 
2219 
2149 
2100 
2032 
1985 
1916 
1875 
1822 
1762 
1717 
1666 
1612 
1558 
1514 
1471 
1423 
1383 
1331 
1296 
1247 
1207 
1176 
1128 
1098 
1068 
1027 
990 
959 
940 
895 
871 
844 
815 
774 
760 
723 
707 
682 
659 
631 
612 
592 
575 
542 
532 
504 
487 
488 
471 
436 
430 
415 
409 
395 
367 
356 
343 
328 
311 
318 
303 
282 
280 
263 
258 
257 
245 
235 
221 
224 
211 
208 
195 
3 
3 
19 
17 
17 
349 
766 
1146 
1488 
1784 
2069 
2320 
2532 
2723 
2894 
3060 
3191 
3295 
3381 
3461 
3547 
3590 
3627 
3652 
3680 
3692 
3697 
3671 
3657 
3640 
3612 
3596 
3551 
3516 
3469 
3414 
3372 
3325 
3266 
3210 
3141 
3084 
3036 
2974 
2892 
2840 
2765 
2720 
2657 
2593 
2512 
2451 
2396 
2341 
2279 
2208 
2161 
2088 
2030 
1984 
1935 
1880 
1809 
1769 
1714 
1660 
1604 
1557 
1526 
1459 
1415 
1383 
1336 
1301 
1254 
1216 
1184 
1136 
1094 
1069 
1038 
1003 
969 
938 
905 
872 
835 
803 
790 
766 
731 
713 
690 
664 
627 
613 
600 
570 
555 
527 
518 
491 
476 
456 
454 
436 
417 
391 
387 
368 
359 
356 
324 
325 
308 
292 
281 
269 
261 
257 
249 
230 
226 
230 
216 
215 
207 
193 
20 
17 
16 
14 
5 
327 
676 
939 
1132 
1294 
1392 
1433 
1472 
1484 
1460 
1449 
1402 
1360 
1307 
1246 
1174 
1110 
1060 
978 
931 
857 
817 
750 
697 
646 
591 
546 
523 
477 
441 
403 
370 
348 
317 
278 
266 
246 
227 
211 
195 
166 
158 
145 
131 
121 
107 
103 
89 
80 
84 
63 
71 
69 
52 
48 
49 
42 
42 
33 
26 
24 
28 
36 
36 
19 
15 
20 
23 
11 
26 
10 
21 
7 
14 
22 
17 
4 
15 
18 
19 
4 
3 
14 
7 
10 
1 
21 
4 
16 
14 
9 
10 
16 
19 
15 
20 
13 
13 
14 
5 
11 
7 
2 
16 
2 
2 
10 
18 
5 
9 
3 
6 
4 
16 
4 
3 
18 
20 
8 
16 
19 
0 
16 
3 
4 
8 
19 
0 
324 
670 
939 
1131 
1284 
1386 
1444 
1466 
1480 
1468 
1449 
1397 
1354 
1298 
1230 
1178 
1117 
1044 
992 
923 
855 
803 
745 
696 
648 
598 
548 
514 
465 
446 
407 
364 
342 
313 
281 
269 
235 
214 
207 
178 
178 
147 
144 
123 
123 
107 
96 
97 
79 
76 
82 
64 
66 
61 
56 
56 
54 
37 
42 
32 
35 
37 
22 
24 
26 
26 
25 
12 
27 
26 
28 
27 
20 
6 
7 
21 
24 
23 
8 
9 
10 
12 
21 
19 
9 
17 
7 
2 
10 
11 
9 
2 
20 
18 
4 
4 
4 
9 
8 
17 
1 
20 
9 
20 
17 
17 
6 
6 
0 
15 
3 
19 
18 
15 
2 
14 
13 
7 
0 
12 
3 
15 
7 
13 
2 
11 
19 
1 
318 
669 
950 
1141 
1286 
1385 
1443 
1472 
1484 
1465 
1445 
1396 
1359 
1296 
1244 
1184 
1118 
1057 
997 
929 
857 
817 
750 
701 
656 
598 
556 
511 
483 
427 
411 
378 
340 
309 
296 
274 
239 
227 
204 
185 
161 
163 
150 
121 
126 
118 
92 
83 
83 
70 
72 
63 
56 
53 
46 
45 
53 
50 
37 
39 
39 
38 
30 
22 
22 
33 
22 
30 
30 
16 
20 
20 
11 
25 
10 
16 
5 
19 
14 
22 
19 
6 
6 
14 
17 
15 
21 
19 
8 
11 
8 
8 
10 
9 
2 
1 
18 
1 
6 
13 
4 
9 
8 
10 
13 
19 
7 
8 
5 
18 
17 
4 
13 
7 
11 
17 
10 
0 
8 
7 
7 
4 
16 
13 
11 
11 
10 
13 
335 
675 
948 
1136 
1274 
1384 
1444 
1483 
1488 
1469 
1430 
1398 
1358 
1305 
1230 
1172 
1122 
1058 
988 
933 
856 
808 
756 
707 
657 
607 
561 
514 
483 
433 
402 
362 
339 
311 
291 
272 
237 
212 
197 
186 
180 
163 
133 
136 
112 
109 
95 
103 
89 
80 
80 
75 
61 
61 
44 
42 
42 
48 
35 
38 
23 
20 
37 
34 
33 
15 
20 
19 
17 
10 
20 
9 
14 
13 
19 
4 
14 
7 
20 
18 
12 
19 
3 
16 
15 
21 
15 
16 
5 
16 
3 
17 
19 
0 
7 
20 
19 
7 
16 
15 
11 
3 
18 
9 
7 
10 
15 
5 
11 
12 
5 
9 
7 
7 
14 
5 
7 
11 
18 
13 
16 
2 
8 
17 
0 
12 
4 
9 
337 
761 
1163 
1524 
1855 
2150 
2426 
2698 
2920 
3132 
3328 
3494 
3638 
3778 
3892 
3997 
4081 
4161 
4232 
4298 
4343 
4374 
4390 
4412 
4421 
4416 
4413 
4411 
4388 
4376 
4344 
4312 
4283 
4250 
4198 
4158 
4111 
4062 
4003 
3957 
3908 
3849 
3785 
3713 
3654 
3600 
3530 
3470 
3422 
3357 
3291 
3223 
3155 
3089 
3033 
2980 
2902 
2847 
2796 
2720 
2670 
2602 
2541 
2492 
2437 
2369 
2323 
2258 
2207 
2152 
2098 
2050 
1990 
1951 
1902 
1846 
1805 
1751 
1705 
1661 
1623 
1574 
1549 
1494 
1465 
1427 
1392 
1344 
1319 
1268 
1248 
1213 
1174 
1142 
1102 
1070 
1050 
1009 
986 
953 
936 
901 
887 
858 
824 
798 
775 
765 
731 
711 
705 
671 
659 
635 
616 
599 
584 
573 
556 
529 
514 
503 
486 
0 
7 
6 
20 
8 
341 
765 
1162 
1525 
1856 
2159 
2435 
2692 
2917 
3119 
3309 
3485 
3630 
3780 
3884 
4008 
4098 
4165 
4238 
4284 
4337 
4359 
4394 
4421 
4427 
4424 
4425 
4415 
4390 
4367 
4342 
4323 
4276 
4240 
4208 
4163 
4104 
4054 
4005 
3957 
3897 
3843 
3786 
3731 
3668 
3598 
3535 
3485 
3421 
3344 
3287 
3216 
3152 
3107 
3037 
2963 
2902 
2838 
2786 
2735 
2668 
2611 
2550 
2485 
2436 
2375 
2320 
2267 
2213 
2155 
2109 
2057 
1997 
1952 
1895 
1845 
1796 
1765 
1721 
1664 
1616 
1592 
1550 
1505 
1470 
1429 
1386 
1344 
1317 
1272 
1228 
1205 
1161 
1138 
1105 
1081 
1047 
1008 
978 
957 
924 
909 
883 
848 
836 
806 
774 
756 
748 
723 
700 
676 
649 
636 
625 
603 
582 
563 
547 
526 
507 
505 
490 
16 
12 
13 
5 
17 
340 
763 
1159 
1531 
1855 
2164 
2433 
2693 
2927 
3119 
3313 
3477 
3631 
3773 
3891 
3999 
4083 
4168 
4227 
4279 
4335 
4373 
4395 
4420 
4427 
4429 
4411 
4420 
4391 
4368 
4344 
4325 
4274 
4242 
4211 
4165 
4110 
4070 
3999 
3955 
3891 
3841 
3784 
3729 
3667 
3591 
3537 
3477 
3408 
3361 
3284 
3232 
3151 
3103 
3028 
2961 
2907 
2854 
2795 
2719 
2665 
2610 
2545 
2490 
2433 
2377 
2326 
2252 
2210 
2152 
2105 
2051 
1992 
1955 
1899 
1848 
1796 
1753 
1716 
1660 
1621 
1589 
1532 
1491 
1470 
1420 
1388 
1341 
1309 
1269 
1247 
1204 
1176 
1148 
1098 
1086 
1040 
1019 
980 
963 
938 
902 
879 
853 
837 
798 
779 
751 
730 
707 
699 
674 
656 
636 
608 
596 
589 
561 
555 
541 
507 
493 
492 
12 
1 
18 
3 
10 
344 
776 
1158 
1526 
1861 
2160 
2428 
2685 
2929 
3134 
3314 
3488 
3639 
3770 
3894 
3992 
4098 
4167 
4228 
4287 
4339 
4372 
4399 
4417 
4427 
4418 
4421 
4409 
4397 
4367 
4347 
4310 
4276 
4250 
4206 
4162 
4117 
4051 
4007 
3961 
3899 
3837 
3787 
3728 
3669 
3610 
3544 
3471 
3410 
3345 
3287 
3227 
3160 
3097 
3037 
2967 
2909 
2843 
2793 
2729 
2657 
2610 
2554 
2477 
2426 
2373 
2319 
2270 
2216 
2150 
2109 
2058 
2000 
1945 
1892 
1851 
1801 
1762 
1703 
1672 
1619 
1573 
1536 
1495 
1454 
1422 
1379 
1349 
1299 
1273 
1236 
1196 
1172 
1132 
1115 
1077 
1046 
1022 
981 
959 
942 
911 
889 
864 
825 
801 
777 
759 
745 
725 
691 
673 
647 
644 
620 
592 
578 
562 
540 
537 
525 
501 
483 
14 
2 
11 
14 
1 
339 
735 
1093 
1423 
1696 
1929 
2145 
2319 
2456 
2584 
2702 
2780 
2843 
2886 
2921 
2945 
2942 
2948 
2932 
2910 
2888 
2857 
2818 
2787 
2733 
2670 
2627 
2566 
2510 
2447 
2396 
2329 
2268 
2203 
2137 
2082 
2021 
1944 
1892 
1815 
1755 
1702 
1656 
1585 
1526 
1473 
1416 
1369 
1332 
1278 
1224 
1184 
1132 
1086 
1049 
1004 
969 
932 
895 
860 
811 
781 
758 
728 
684 
658 
628 
610 
592 
568 
534 
521 
486 
478 
459 
423 
412 
397 
376 
361 
346 
330 
314 
305 
282 
280 
252 
254 
234 
219 
223 
201 
191 
188 
175 
182 
163 
165 
148 
135 
137 
131 
131 
122 
126 
114 
108 
107 
92 
88 
90 
81 
87 
72 
67 
78 
61 
55 
54 
67 
48 
55 
57 
16 
1 
14 
4 
4 
333 
736 
1101 
1420 
1687 
1928 
2135 
2314 
2471 
2585 
2690 
2768 
2830 
2881 
2912 
2947 
2944 
2947 
2940 
2912 
2899 
2866 
2823 
2775 
2735 
2677 
2619 
2565 
2501 
2454 
2380 
2322 
2254 
2210 
2143 
2079 
2014 
1949 
1893 
1828 
1755 
1705 
1648 
1595 
1536 
1472 
1430 
1364 
1328 
1282 
1231 
1187 
1140 
1088 
1050 
1006 
974 
932 
886 
846 
829 
782 
744 
725 
701 
654 
626 
619 
586 
568 
540 
514 
499 
464 
454 
430 
401 
395 
382 
349 
333 
334 
312 
290 
289 
277 
267 
244 
232 
230 
227 
218 
205 
197 
178 
178 
176 
169 
155 
145 
149 
142 
133 
127 
125 
103 
109 
99 
90 
99 
97 
89 
85 
70 
69 
81 
63 
61 
53 
64 
60 
56 
59 
20 
11 
0 
20 
2 
341 
741 
1096 
1407 
1695 
1935 
2142 
2324 
2457 
2591 
2690 
2765 
2846 
2899 
2919 
2942 
2947 
2949 
2945 
2928 
2902 
2862 
2817 
2773 
2728 
2684 
2628 
2577 
2503 
2456 
2389 
2329 
2267 
2208 
2143 
2075 
2019 
1947 
1891 
1815 
1756 
1713 
1655 
1582 
1541 
1470 
1421 
1381 
1326 
1273 
1230 
1176 
1134 
1099 
1058 
1012 
976 
938 
896 
852 
811 
780 
762 
728 
693 
659 
638 
612 
591 
562 
540 
506 
500 
473 
459 
421 
415 
392 
367 
358 
337 
327 
307 
293 
296 
277 
254 
258 
230 
235 
209 
200 
195 
182 
178 
184 
163 
162 
147 
143 
141 
137 
120 
131 
112 
120 
97 
107 
97 
99 
85 
80 
84 
86 
72 
67 
69 
56 
72 
64 
49 
55 
45 
0 
10 
18 
3 
17 
342 
747 
1104 
1424 
1692 
1924 
2135 
2309 
2471 
2583 
2685 
2780 
2837 
2883 
2917 
2941 
2954 
2960 
2931 
2917 
2899 
2863 
2831 
2779 
2730 
2683 
2624 
2573 
2506 
2440 
2393 
2332 
2267 
2207 
2135 
2073 
2008 
1939 
1894 
1833 
1768 
1701 
1642 
1596 
1532 
1473 
1428 
1370 
1314 
1269 
1233 
1180 
1127 
1100 
1050 
1006 
957 
922 
884 
855 
830 
795 
756 
715 
695 
659 
638 
613 
583 
564 
532 
507 
486 
474 
443 
434 
416 
384 
380 
358 
334 
332 
314 
296 
284 
282 
259 
248 
236 
223 
225 
213 
208 
192 
189 
171 
171 
150 
143 
154 
131 
134 
121 
127 
124 
116 
101 
99 
101 
84 
92 
85 
75 
71 
70 
81 
61 
69 
56 
68 
61 
63 
55 
12 
0 
15 
16 
6 
338 
738 
1095 
1406 
1693 
1932 
2136 
2319 
2469 
2585 
2692 
2772 
2843 
2883 
2929 
2939 
2949 
2960 
2940 
2921 
2902 
2857 
2817 
2782 
2737 
2678 
2625 
2561 
2514 
2448 
2393 
2318 
2259 
2204 
2127 
2075 
2006 
1939 
1894 
1825 
1763 
1707 
1642 
1584 
1528 
1486 
1427 
1375 
1315 
1278 
1218 
1181 
1127 
1090 
1043 
1014 
961 
921 
899 
858 
819 
791 
751 
731 
688 
654 
635 
618 
583 
550 
533 
510 
495 
462 
455 
423 
416 
399 
375 
351 
348 
323 
322 
310 
277 
276 
266 
245 
241 
230 
221 
219 
193 
189 
187 
176 
161 
165 
153 
144 
132 
138 
125 
130 
121 
116 
97 
103 
97 
86 
97 
75 
84 
78 
80 
71 
73 
66 
63 
69 
62 
65 
63 
17 
13 
13 
20 
0 
339 
750 
1109 
1414 
1695 
1931 
2139 
2306 
2466 
2579 
2695 
2771 
2847 
2891 
2922 
2933 
2953 
2945 
2946 
2920 
2904 
2870 
2827 
2788 
2722 
2676 
2617 
2561 
2511 
2450 
2396 
2321 
2272 
2200 
2138 
2083 
2005 
1940 
1877 
1829 
1760 
1697 
1652 
1591 
1535 
1488 
1417 
1379 
1327 
1279 
1228 
1171 
1129 
1100 
1052 
1014 
964 
921 
886 
861 
817 
778 
753 
719 
683 
657 
635 
604 
575 
562 
545 
509 
497 
475 
445 
432 
413 
391 
375 
363 
350 
336 
315 
292 
286 
265 
258 
250 
243 
229 
222 
211 
190 
196 
185 
171 
172 
169 
157 
146 
142 
139 
122 
116 
114 
112 
113 
108 
93 
83 
83 
75 
88 
84 
70 
79 
68 
69 
60 
64 
65 
57 
58 
8 
6 
20 
1 
8 
341 
753 
1096 
1420 
1698 
1923 
2128 
2305 
2456 
2586 
2682 
2775 
2839 
2889 
2919 
2943 
2953 
2953 
2942 
2913 
2900 
2868 
2825 
2784 
2735 
2672 
2620 
2576 
2519 
2450 
2398 
2331 
2273 
2198 
2130 
2064 
2016 
1958 
1877 
1831 
1759 
1714 
1650 
1587 
1526 
1486 
1427 
1369 
1316 
1284 
1216 
1179 
1135 
1084 
1054 
1007 
961 
937 
881 
861 
814 
795 
759 
719 
700 
657 
633 
607 
588 
550 
545 
517 
497 
464 
457 
431 
403 
385 
373 
349 
344 
325 
308 
296 
285 
280 
263 
248 
236 
231 
209 
218 
204 
180 
181 
184 
169 
156 
158 
143 
141 
128 
120 
128 
106 
119 
104 
108 
107 
85 
97 
82 
81 
69 
71 
74 
68 
59 
67 
68 
65 
61 
48 
1 
16 
20 
0 
19 
343 
749 
1111 
1424 
1694 
1920 
2135 
2322 
2458 
2597 
2683 
2766 
2847 
2886 
2923 
2935 
2961 
2952 
2946 
2916 
2890 
2855 
2830 
2769 
2739 
2682 
2624 
2560 
2513 
2455 
2390 
2325 
2256 
2200 
2135 
2079 
2003 
1948 
1884 
1828 
1774 
1702 
1648 
1598 
1537 
1473 
1429 
1365 
1333 
1266 
1236 
1189 
1130 
1094 
1045 
1003 
960 
926 
893 
855 
826 
786 
752 
726 
690 
671 
640 
608 
575 
555 
529 
522 
483 
472 
447 
438 
418 
403 
369 
356 
353 
336 
315 
295 
285 
275 
269 
250 
241 
231 
215 
211 
206 
200 
182 
182 
173 
169 
160 
140 
140 
141 
130 
111 
110 
118 
111 
101 
91 
96 
78 
77 
85 
72 
84 
71 
74 
64 
54 
69 
58 
63 
48 
12 
12 
7 
14 
2 
340 
766 
1127 
1487 
1793 
2064 
2313 
2528 
2731 
2911 
3061 
3186 
3286 
3382 
3474 
3531 
3579 
3637 
3649 
3667 
3697 
3687 
3679 
3673 
3652 
3611 
3582 
3558 
3516 
3468 
3416 
3374 
3312 
3260 
3212 
3141 
3086 
3022 
2968 
2911 
2835 
2769 
2717 
2656 
2583 
2518 
2457 
2389 
2333 
2267 
2220 
2155 
2093 
2031 
1977 
1935 
1862 
1818 
1770 
1717 
1654 
1606 
1560 
1517 
1478 
1418 
1379 
1335 
1288 
1261 
1214 
1175 
1142 
1107 
1061 
1028 
991 
953 
940 
895 
876 
843 
808 
792 
766 
735 
697 
673 
661 
628 
614 
585 
568 
545 
527 
515 
504 
479 
462 
448 
438 
405 
396 
384 
365 
348 
340 
336 
323 
301 
300 
288 
277 
267 
253 
253 
245 
221 
223 
208 
216 
190 
185 
13 
7 
3 
18 
4 
339 
764 
1146 
1474 
1793 
2060 
2310 
2537 
2734 
2908 
3053 
3193 
3289 
3391 
3467 
3535 
3585 
3638 
3665 
3677 
3681 
3678 
3685 
3664 
3637 
3629 
3591 
3543 
3504 
3473 
3428 
3374 
3320 
3261 
3215 
3151 
3085 
3031 
2954 
2899 
2830 
2778 
2705 
2642 
2584 
2516 
2469 
2404 
2333 
2282 
2224 
2161 
2093 
2040 
1983 
1927 
1876 
1817 
1764 
1719 
1659 
1607 
1557 
1524 
1460 
1420 
1377 
1337 
1295 
1245 
1214 
1167 
1144 
1099 
1058 
1035 
995 
961 
921 
893 
868 
833 
821 
776 
759 
728 
713 
680 
656 
626 
609 
590 
569 
556 
527 
519 
489 
472 
463 
444 
428 
415 
407 
375 
372 
363 
341 
327 
326 
311 
292 
292 
287 
263 
253 
253 
231 
225 
223 
216 
204 
192 
202 
9 
7 
5 
9 
19 
333 
758 
1127 
1489 
1778 
2060 
2315 
2537 
2729 
2893 
3062 
3186 
3304 
3397 
3465 
3527 
3588 
3634 
3668 
3687 
3684 
3687 
3685 
3668 
3653 
3612 
3595 
3553 
3516 
3471 
3425 
3377 
3315 
3267 
3206 
3140 
3091 
3034 
2956 
2892 
2836 
2778 
2709 
2640 
2583 
2531 
2459 
2398 
2326 
2271 
2221 
2165 
2098 
2038 
1983 
1932 
1864 
1811 
1761 
1716 
1653 
1612 
1559 
1518 
1470 
1423 
1387 
1342 
1295 
1262 
1209 
1180 
1146 
1106 
1063 
1034 
997 
967 
934 
896 
860 
841 
806 
788 
767 
742 
699 
692 
660 
638 
621 
596 
575 
560 
532 
508 
500 
484 
466 
442 
433 
411 
403 
382 
369 
349 
340 
326 
320 
303 
294 
286 
278 
264 
263 
253 
241 
231 
221 
206 
213 
198 
202 
19 
19 
14 
12 
0 
341 
755 
1136 
1479 
1793 
2074 
2318 
2534 
2723 
2902 
3047 
3186 
3305 
3397 
3474 
3531 
3589 
3633 
3659 
3684 
3695 
3684 
3684 
3676 
3640 
3613 
3593 
3551 
3503 
3462 
3411 
3373 
3318 
3271 
3202 
3149 
3097 
3036 
2973 
2898 
2839 
2779 
2714 
2658 
2575 
2521 
2466 
2395 
2330 
2281 
2213 
2150 
2103 
2046 
1987 
1935 
1877 
1822 
1763 
1710 
1668 
1612 
1567 
1509 
1478 
1416 
1386 
1343 
1302 
1247 
1216 
1167 
1135 
1096 
1061 
1022 
986 
967 
938 
898 
868 
839 
813 
775 
759 
727 
698 
679 
669 
644 
605 
590 
581 
548 
540 
506 
504 
489 
453 
435 
421 
415 
393 
391 
375 
358 
355 
335 
328 
306 
292 
292 
285 
264 
266 
241 
241 
234 
218 
217 
213 
207 
199 
11 
15 
10 
11 
9 
337 
711 
1051 
1318 
1546 
1723 
1866 
1982 
2080 
2151 
2185 
2199 
2218 
2217 
2196 
2164 
2141 
2088 
2045 
1995 
1933 
1865 
1815 
1751 
1688 
1624 
1572 
1505 
1430 
1368 
1325 
1260 
1200 
1146 
1094 
1043 
982 
930 
883 
842 
794 
764 
718 
688 
638 
608 
570 
542 
517 
478 
462 
446 
408 
395 
372 
351 
323 
313 
299 
275 
254 
235 
227 
217 
208 
184 
173 
174 
169 
153 
145 
130 
128 
120 
116 
100 
109 
92 
84 
92 
87 
80 
76 
61 
71 
69 
65 
51 
46 
52 
46 
46 
48 
29 
38 
31 
32 
39 
39 
23 
19 
31 
32 
15 
24 
31 
27 
16 
14 
13 
28 
26 
13 
11 
11 
9 
16 
12 
8 
4 
20 
21 
14 
6 
17 
20 
13 
12 
338 
717 
1048 
1326 
1538 
1717 
1873 
1999 
2083 
2143 
2179 
2203 
2227 
2213 
2190 
2169 
2133 
2091 
2033 
1998 
1940 
1884 
1813 
1750 
1692 
1633 
1558 
1502 
1440 
1379 
1307 
1246 
1200 
1146 
1080 
1030 
980 
938 
898 
850 
795 
754 
719 
690 
638 
605 
585 
554 
512 
489 
471 
430 
414 
398 
371 
341 
334 
305 
295 
267 
260 
234 
220 
220 
201 
198 
173 
176 
159 
146 
133 
123 
136 
117 
118 
109 
109 
101 
82 
86 
88 
68 
64 
68 
70 
51 
57 
47 
54 
40 
47 
41 
32 
34 
36 
30 
35 
36 
24 
35 
27 
33 
32 
34 
21 
27 
28 
29 
19 
17 
16 
9 
12 
23 
23 
13 
25 
21 
21 
10 
14 
13 
10 
6 
11 
6 
15 
2 
338 
726 
1044 
1315 
1540 
1732 
1868 
1997 
2081 
2137 
2189 
2206 
2223 
2201 
2189 
2157 
2125 
2081 
2040 
1986 
1941 
1866 
1807 
1755 
1698 
1619 
1571 
1506 
1440 
1377 
1319 
1247 
1203 
1147 
1080 
1032 
995 
945 
883 
851 
806 
755 
720 
692 
654 
616 
579 
537 
508 
488 
470 
431 
408 
383 
369 
341 
327 
313 
295 
267 
255 
235 
227 
221 
200 
181 
176 
174 
153 
147 
138 
125 
116 
126 
121 
110 
97 
96 
78 
86 
68 
83 
68 
72 
66 
60 
47 
51 
49 
39 
37 
47 
40 
35 
45 
43 
35 
26 
29 
38 
21 
17 
34 
14 
30 
19 
14 
28 
14 
25 
19 
10 
12 
20 
16 
25 
20 
5 
19 
7 
15 
12 
18 
19 
19 
2 
1 
14 
337 
722 
1048 
1317 
1532 
1726 
1869 
1986 
2080 
2142 
2193 
2216 
2212 
2209 
2186 
2162 
2124 
2095 
2040 
1999 
1935 
1875 
1804 
1743 
1689 
1634 
1553 
1502 
1441 
1376 
1323 
1257 
1205 
1150 
1096 
1038 
990 
933 
893 
841 
810 
759 
726 
675 
652 
616 
573 
557 
517 
482 
458 
444 
416 
392 
369 
350 
317 
313 
290 
273 
259 
238 
237 
208 
210 
181 
170 
175 
166 
156 
137 
125 
130 
127 
115 
109 
106 
101 
85 
86 
69 
84 
72 
76 
63 
64 
50 
54 
60 
48 
39 
44 
37 
30 
28 
35 
25 
22 
20 
21 
32 
20 
25 
24 
31 
22 
17 
13 
24 
15 
14 
11 
7 
20 
20 
9 
12 
15 
7 
17 
10 
4 
21 
1 
3 
4 
12 
18 
340 
765 
1135 
1478 
1795 
2072 
2310 
2531 
2727 
2900 
3061 
3188 
3302 
3381 
3469 
3542 
3584 
3629 
3661 
3686 
3678 
3682 
3674 
3672 
3637 
3615 
3594 
3559 
3522 
3460 
3429 
3364 
3321 
3266 
3198 
3152 
3080 
3021 
2956 
2896 
2847 
2779 
2715 
2656 
2584 
2528 
2453 
2403 
2330 
2272 
2207 
2150 
2104 
2034 
1983 
1924 
1868 
1819 
1757 
1721 
1651 
1609 
1570 
1517 
1469 
1434 
1383 
1333 
1290 
1261 
1210 
1183 
1146 
1093 
1060 
1036 
990 
964 
925 
899 
870 
835 
813 
779 
766 
738 
713 
677 
662 
644 
620 
589 
569 
543 
524 
507 
489 
483 
472 
454 
425 
411 
397 
395 
367 
350 
349 
342 
314 
303 
292 
289 
277 
261 
253 
245 
247 
226 
232 
216 
215 
204 
188 
8 
4 
19 
17 
5 
341 
760 
1146 
1474 
1794 
2066 
2316 
2541 
2730 
2902 
3056 
3184 
3291 
3383 
3466 
3528 
3599 
3639 
3659 
3683 
3681 
3693 
3672 
3663 
3650 
3628 
3590 
3556 
3519 
3477 
3412 
3366 
3322 
3252 
3209 
3143 
3096 
3028 
2968 
2892 
2829 
2774 
2720 
2651 
2578 
2518 
2467 
2407 
2343 
2275 
2205 
2157 
2100 
2037 
1972 
1933 
1869 
1815 
1772 
1706 
1662 
1602 
1561 
1516 
1471 
1418 
1382 
1335 
1295 
1263 
1205 
1183 
1142 
1093 
1056 
1024 
992 
959 
927 
895 
867 
848 
804 
777 
765 
723 
709 
674 
660 
630 
620 
592 
562 
545 
529 
515 
504 
470 
465 
454 
430 
415 
394 
387 
382 
352 
351 
335 
330 
313 
296 
282 
281 
263 
252 
242 
232 
224 
216 
219 
214 
192 
186 
15 
20 
14 
10 
7 
337 
760 
1133 
1489 
1785 
2070 
2309 
2538 
2730 
2901 
3043 
3174 
3287 
3382 
3472 
3539 
3581 
3636 
3654 
3687 
3691 
3686 
3691 
3658 
3639 
3612 
3599 
3554 
3510 
3470 
3415 
3371 
3325 
3253 
3202 
3142 
3087 
3033 
2959 
2907 
2838 
2782 
2716 
2654 
2592 
2517 
2468 
2405 
2342 
2284 
2209 
2148 
2101 
2030 
1974 
1919 
1872 
1812 
1760 
1702 
1665 
1619 
1572 
1506 
1470 
1416 
1378 
1329 
1301 
1259 
1209 
1167 
1132 
1108 
1054 
1020 
996 
960 
922 
891 
866 
843 
805 
790 
755 
726 
710 
693 
659 
642 
609 
591 
582 
552 
530 
523 
493 
470 
455 
442 
424 
404 
391 
384 
363 
351 
345 
324 
312 
319 
289 
287 
270 
268 
263 
250 
233 
233 
217 
216 
214 
202 
191 
18 
18 
1 
10 
15 
351 
751 
1131 
1488 
1791 
2067 
2307 
2523 
2725 
2910 
3062 
3182 
3299 
3398 
3463 
3531 
3594 
3621 
3652 
3668 
3691 
3682 
3684 
3675 
3648 
3610 
3593 
3550 
3514 
3461 
3430 
3375 
3327 
3257 
3197 
3143 
3097 
3032 
2965 
2894 
2836 
2776 
2713 
2655 
2584 
2532 
2459 
2394 
2333 
2283 
2217 
2152 
2096 
2034 
1989 
1916 
1868 
1818 
1770 
1702 
1653 
1617 
1570 
1514 
1470 
1428 
1383 
1334 
1296 
1262 
1215 
1171 
1145 
1091 
1067 
1037 
990 
966 
927 
900 
876 
834 
803 
779 
757 
739 
704 
687 
664 
627 
604 
599 
566 
558 
530 
513 
491 
471 
468 
444 
427 
422 
407 
377 
371 
349 
354 
338 
324 
307 
301 
293 
285 
264 
267 
246 
246 
227 
217 
214 
201 
203 
197 
12 
11 
19 
6 
0 
336 
713 
1049 
1309 
1537 
1735 
1875 
1988 
2086 
2140 
2192 
2213 
2212 
2218 
2194 
2164 
2124 
2088 
2037 
1981 
1938 
1877 
1807 
1759 
1690 
1620 
1556 
1494 
1446 
1385 
1318 
1247 
1193 
1134 
1080 
1042 
978 
938 
887 
845 
803 
770 
710 
687 
637 
601 
574 
552 
508 
489 
461 
429 
417 
386 
369 
347 
317 
297 
286 
265 
257 
250 
236 
218 
208 
195 
189 
174 
149 
141 
150 
130 
128 
112 
114 
104 
102 
95 
92 
89 
68 
68 
80 
71 
70 
53 
63 
59 
58 
49 
48 
49 
46 
36 
33 
40 
43 
41 
39 
38 
36 
31 
17 
27 
19 
22 
11 
13 
30 
26 
23 
28 
25 
24 
8 
19 
12 
11 
10 
8 
18 
19 
7 
0 
3 
19 
8 
1 
335 
720 
1052 
1317 
1537 
1718 
1876 
1993 
2088 
2136 
2178 
2213 
2214 
2217 
2197 
2174 
2131 
2098 
2051 
1993 
1933 
1866 
1810 
1742 
1695 
1624 
1554 
1501 
1434 
1380 
1305 
1265 
1208 
1152 
1085 
1045 
992 
936 
900 
842 
800 
758 
710 
677 
642 
603 
571 
555 
510 
486 
465 
426 
413 
393 
364 
337 
333 
298 
287 
273 
254 
238 
236 
225 
194 
195 
173 
164 
165 
155 
141 
143 
125 
120 
109 
115 
95 
98 
95 
76 
77 
64 
69 
59 
65 
63 
47 
57 
57 
37 
39 
33 
39 
31 
39 
28 
27 
29 
36 
26 
32 
17 
30 
31 
14 
32 
30 
24 
26 
10 
22 
17 
20 
16 
6 
13 
25 
14 
9 
17 
14 
19 
19 
11 
13 
20 
3 
3 
335 
721 
1037 
1324 
1534 
1735 
1881 
1998 
2089 
2135 
2177 
2199 
2210 
2212 
2197 
2176 
2140 
2091 
2048 
1990 
1940 
1883 
1810 
1749 
1698 
1629 
1555 
1495 
1428 
1369 
1314 
1258 
1194 
1133 
1096 
1043 
987 
946 
891 
850 
801 
766 
718 
688 
645 
603 
570 
551 
510 
494 
462 
438 
411 
385 
367 
352 
316 
299 
297 
266 
252 
251 
228 
222 
195 
197 
184 
172 
149 
140 
152 
128 
136 
120 
118 
115 
103 
89 
88 
92 
69 
80 
66 
71 
59 
56 
52 
52 
57 
40 
42 
35 
32 
43 
38 
31 
24 
41 
20 
35 
25 
23 
23 
17 
24 
15 
20 
27 
28 
12 
15 
12 
13 
16 
21 
14 
7 
8 
19 
20 
23 
13 
6 
18 
10 
0 
1 
5 
327 
728 
1041 
1321 
1547 
1723 
1874 
1994 
2084 
2149 
2186 
2205 
2208 
2208 
2196 
2167 
2131 
2092 
2045 
1983 
1941 
1875 
1807 
1753 
1694 
1619 
1556 
1490 
1434 
1376 
1309 
1259 
1190 
1134 
1091 
1031 
983 
927 
892 
852 
802 
760 
725 
687 
644 
607 
572 
540 
518 
482 
466 
445 
405 
396 
362 
353 
332 
312 
281 
271 
267 
235 
224 
215 
206 
189 
188 
168 
157 
154 
134 
142 
135 
117 
107 
111 
94 
101 
98 
91 
82 
69 
63 
67 
66 
59 
55 
51 
51 
37 
35 
51 
34 
41 
33 
27 
40 
22 
32 
37 
20 
27 
28 
15 
14 
16 
28 
15 
19 
13 
18 
19 
12 
20 
11 
16 
12 
11 
19 
14 
21 
12 
21 
14 
1 
12 
12 
17 
341 
755 
1143 
1469 
1777 
2073 
2306 
2527 
2734 
2896 
3058 
3190 
3304 
3383 
3462 
3538 
3585 
3624 
3658 
3674 
3687 
3681 
3686 
3674 
3643 
3624 
3580 
3552 
3508 
3462 
3416 
3369 
3327 
3264 
3209 
3151 
3089 
3026 
2970 
2893 
2835 
2779 
2705 
2646 
2588 
2521 
2470 
2397 
2328 
2278 
2213 
2148 
2106 
2049 
1975 
1920 
1865 
1808 
1770 
1717 
1653 
1611 
1566 
1506 
1475 
1422 
1381 
1342 
1289 
1262 
1223 
1182 
1132 
1098 
1071 
1020 
996 
966 
940 
895 
869 
830 
807 
790 
756 
736 
699 
681 
652 
633 
620 
587 
562 
552 
536 
505 
505 
478 
456 
446 
435 
422 
405 
381 
375 
368 
348 
333 
318 
318 
309 
279 
272 
273 
253 
244 
242 
237 
222 
210 
212 
198 
197 
2 
7 
9 
16 
7 
337 
761 
1145 
1469 
1796 
2063 
2314 
2540 
2719 
2908 
3057 
3191 
3286 
3396 
3481 
3547 
3591 
3625 
3650 
3673 
3687 
3681 
3687 
3663 
3640 
3624 
3598 
3561 
3518 
3470 
3418 
3379 
3325 
3259 
3202 
3140 
3080 
3030 
2963 
2909 
2846 
2768 
2705 
2650 
2582 
2517 
2467 
2403 
2334 
2268 
2216 
2163 
2092 
2030 
1981 
1922 
1867 
1821 
1767 
1702 
1671 
1608 
1573 
1516 
1476 
1428 
1371 
1335 
1298 
1254 
1207 
1182 
1136 
1097 
1057 
1034 
996 
966 
939 
901 
860 
836 
817 
785 
768 
729 
709 
685 
658 
642 
607 
599 
577 
550 
534 
519 
504 
481 
470 
455 
429 
413 
404 
383 
373 
361 
338 
326 
320 
310 
298 
278 
271 
268 
258 
242 
230 
234 
218 
213 
212 
209 
183 
7 
6 
11 
17 
1 
333 
752 
1144 
1480 
1780 
2072 
2303 
2530 
2736 
2896 
3057 
3183 
3298 
3399 
3467 
3532 
3598 
3632 
3658 
3681 
3679 
3690 
3685 
3662 
3651 
3613 
3587 
3560 
3507 
3459 
3412 
3367 
3314 
3253 
3204 
3149 
3096 
3019 
2964 
2911 
2848 
2776 
2716 
2650 
2594 
2523 
2461 
2400 
2335 
2268 
2205 
2154 
2097 
2035 
1990 
1931 
1867 
1813 
1758 
1710 
1668 
1606 
1559 
1518 
1468 
1432 
1378 
1345 
1284 
1263 
1206 
1179 
1142 
1092 
1063 
1025 
1001 
954 
928 
910 
872 
842 
802 
781 
763 
740 
700 
688 
665 
635 
622 
585 
571 
551 
537 
507 
491 
476 
464 
446 
428 
424 
400 
381 
375 
363 
348 
334 
331 
306 
290 
293 
282 
272 
255 
238 
249 
237 
227 
220 
213 
193 
186 
11 
15 
3 
9 
0 
332 
768 
1144 
1476 
1784 
2071 
2319 
2537 
2726 
2891 
3062 
3176 
3301 
3390 
3467 
3529 
3587 
3633 
3663 
3685 
3690 
3682 
3678 
3660 
3650 
3629 
3597 
3553 
3513 
3462 
3412 
3366 
3313 
3260 
3207 
3155 
3085 
3021 
2954 
2896 
2844 
2775 
2708 
2657 
2589 
2531 
2453 
2390 
2332 
2268 
2218 
2148 
2090 
2029 
1985 
1916 
1880 
1827 
1767 
1714 
1671 
1618 
1558 
1526 
1473 
1416 
1383 
1340 
1299 
1248 
1213 
1171 
1137 
1093 
1060 
1033 
988 
964 
941 
900 
862 
841 
820 
788 
751 
738 
708 
677 
663 
637 
620 
597 
563 
549 
527 
524 
498 
480 
469 
439 
427 
411 
398 
380 
381 
350 
342 
327 
315 
305 
308 
282 
285 
272 
262 
238 
241 
224 
233 
221 
203 
189 
187 
